"CobarOre" <-
structure(list(x = c(-16, -14, -13, -7, -6, -6, 1, 2, 2, 2, 9, 
9, 17, 18, 24, 25, 26, 32, 33, 40, 40, 44, 48, 48, 49, 55, 56, 
59, 62, 62, 64, 69, 70, 77, 78, 79, 84, 84), y = c(-15, -4, 4, 
5, -43, -36, -50, -39, -8, -51, -16, -42, -37, -12, -57, -29, 
-40, -7, -35, 4, -61, -29, -65, -7, -32, -71, -14, -38, 7, -3, 
-29, -28, -72, -19, -53, -37, -52, -16), z = c(17, 18, 17.5, 
19, 22, 24, 17.4, 23, 23.5, 15, 23.5, 25, 16.5, 19.5, 12, 18.5, 
18, 14, 19, 13.5, 18, 19.4, 13, 14, 19.5, 16, 16, 19, 19, 21.5, 
22, 20.5, 11, 26, 22, 26, 16, 16)), .Names = c("x", "y", "z"), class = "data.frame", row.names = c("1", 
"2", "3", "4", "5", "6", "7", "8", "9", "10", "11", "12", "13", 
"14", "15", "16", "17", "18", "19", "20", "21", "22", "23", "24", 
"25", "26", "27", "28", "29", "30", "31", "32", "33", "34", "35", 
"36", "37", "38"))
