"Mammals" <-
structure(list(weight = c(6000, 4000, 3000, 1400, 400, 350, 300, 
260, 250, 3800, 1000, 900, 900, 800, 750, 500, 450, 300, 300, 
250, 250, 170, 150, 130, 120, 120, 110, 100, 85, 80, 72, 70, 
65, 62, 50, 50, 50, 50, 37, 35, 34, 30, 30, 30, 20, 400, 300, 
230, 150, 135, 65, 60, 55, 45, 40, 25, 20, 16, 12, 11, 10, 7, 
6, 5, 5, 3, 127, 70, 13, 9, 4, 0.6, 0.6, 0.55, 0.5, 0.4, 0.3, 
0.25, 0.22, 0.11, 0.1, 0.056, 0.05, 0.045, 0.035, 0.035, 0.03, 
0.03, 0.025, 0.025, 0.018, 0.016, 0.1, 0.1, 0.016, 4.6, 4.4, 
4, 3.5, 2, 1.9, 1.5, 1.5, 50, 5, 0.024, 4), speed = c(35, 26, 
25, 45, 70, 70, 64, 70, 40, 25, 60, 70, 56, 29, 57, 32, 56, 72, 
90, 80, 56, 80, 48, 70, 80, 61, 33, 64, 55, 65, 56, 45, 60, 81, 
100, 60, 40, 47, 105, 80, 97, 97, 80, 45, 81, 40, 48, 56, 59, 
48, 65, 60, 110, 50, 64, 67, 70, 65, 24, 30, 56, 60, 72, 64, 
27, 16, 32, 40, 37, 3.2, 16, 36, 20, 27, 18, 20, 13, 9.7, 15, 
9, 17, 21, 11, 16, 32, 14, 6.8, 9.1, 11, 8.6, 8.9, 13, 4, 2.4, 
3.6, 64, 72, 72, 56, 64, 56, 50, 40, 65, 7.4, 13, 1.6), hoppers = c(FALSE, 
FALSE, FALSE, FALSE, FALSE, FALSE, FALSE, FALSE, FALSE, FALSE, 
FALSE, FALSE, FALSE, FALSE, FALSE, FALSE, FALSE, FALSE, FALSE, 
FALSE, FALSE, FALSE, FALSE, FALSE, FALSE, FALSE, FALSE, FALSE, 
FALSE, FALSE, FALSE, FALSE, FALSE, FALSE, FALSE, FALSE, FALSE, 
FALSE, FALSE, FALSE, FALSE, FALSE, FALSE, FALSE, FALSE, FALSE, 
FALSE, FALSE, FALSE, FALSE, FALSE, FALSE, FALSE, FALSE, FALSE, 
FALSE, FALSE, FALSE, FALSE, FALSE, FALSE, FALSE, FALSE, FALSE, 
FALSE, FALSE, FALSE, FALSE, FALSE, FALSE, FALSE, FALSE, FALSE, 
FALSE, FALSE, FALSE, FALSE, FALSE, FALSE, FALSE, FALSE, TRUE, 
FALSE, FALSE, TRUE, TRUE, FALSE, FALSE, FALSE, FALSE, FALSE, 
FALSE, FALSE, FALSE, FALSE, TRUE, TRUE, TRUE, TRUE, TRUE, TRUE, 
TRUE, TRUE, FALSE, FALSE, FALSE, FALSE), specials = c(FALSE, 
FALSE, FALSE, FALSE, FALSE, FALSE, FALSE, FALSE, FALSE, TRUE, 
FALSE, FALSE, FALSE, FALSE, FALSE, FALSE, FALSE, FALSE, FALSE, 
FALSE, FALSE, FALSE, FALSE, FALSE, FALSE, FALSE, FALSE, FALSE, 
FALSE, FALSE, FALSE, FALSE, FALSE, FALSE, FALSE, FALSE, FALSE, 
FALSE, FALSE, FALSE, FALSE, FALSE, FALSE, FALSE, FALSE, FALSE, 
FALSE, FALSE, FALSE, FALSE, FALSE, FALSE, FALSE, FALSE, FALSE, 
FALSE, FALSE, FALSE, TRUE, TRUE, FALSE, FALSE, FALSE, FALSE, 
TRUE, TRUE, FALSE, TRUE, TRUE, TRUE, FALSE, FALSE, FALSE, FALSE, 
FALSE, FALSE, FALSE, FALSE, FALSE, FALSE, FALSE, FALSE, FALSE, 
FALSE, FALSE, FALSE, FALSE, FALSE, FALSE, FALSE, FALSE, FALSE, 
FALSE, FALSE, FALSE, FALSE, FALSE, FALSE, FALSE, FALSE, FALSE, 
FALSE, FALSE, FALSE, TRUE, FALSE, TRUE)), .Names = c("weight", 
"speed", "hoppers", "specials"), row.names = c("1", "2", "3", 
"4", "5", "6", "7", "8", "9", "10", "11", "12", "13", "14", "15", 
"16", "17", "18", "19", "20", "21", "22", "23", "24", "25", "26", 
"27", "28", "29", "30", "31", "32", "33", "34", "35", "36", "37", 
"38", "39", "40", "41", "42", "43", "44", "45", "46", "47", "48", 
"49", "50", "51", "52", "53", "54", "55", "56", "57", "58", "59", 
"60", "61", "62", "63", "64", "65", "66", "67", "68", "69", "70", 
"71", "72", "73", "74", "75", "76", "77", "78", "79", "80", "81", 
"82", "83", "84", "85", "86", "87", "88", "89", "90", "91", "92", 
"93", "94", "95", "96", "97", "98", "99", "100", "101", "102", 
"103", "104", "105", "106", "107"), class = "data.frame")
